15525.145007 0.242700
16282.910933 0.254600
17006.947092 0.265900
17701.392893 0.276800
18369.604550 0.287200
19637.935055 0.307100
20829.177015 0.325700
21955.881605 0.343300
23027.429739 0.360100
24051.375061 0.376100
25033.472876 0.391400
25978.469665 0.406200
26890.277203 0.420500
27772.164661 0.434200
28626.897350 0.447600
29456.839168 0.460600
31050.243439 0.485500
32933.765688 0.514900
34715.244881 0.542800
36409.662617 0.569300
38028.658097 0.594600
39581.487358 0.618900
41075.655153 0.642300
42517.346472 0.664800
43911.730276 0.686600
46575.429846 0.728200
49094.819227 0.767600
51491.085485 0.805100
53780.688858 0.840900
55976.719300 0.875200
58089.790093 0.908300
62100.603316 0.971000
65867.641155 1.030000
69430.593908 1.086000
72819.457634 1.139000
76057.442957 1.189000
79163.096505 1.238000
82151.134267 1.285000
85034.522874 1.330000
87823.295882 1.373000
90526.197968 1.415000
93150.704440 1.456000
98189.491168 1.535000
104145.711499 1.628000
109779.243354 1.716000
115137.462709 1.800000
120257.175948 1.880000
125167.653228 1.957000
129892.626667 2.031000
134451.654918 2.102000
138861.083670 2.171000
147284.441315 2.303000
155251.450070 2.427000
162829.109328 2.546000
170069.470923 2.659000
177013.928931 2.768000
183696.045496 2.872000
196379.350549 3.071000
208291.770152 3.257000
219558.816047 3.433000
230275.344102 3.601000
240514.752754 3.761000
250335.691589 3.914000
259785.624456 4.062000
268903.668374 4.205000
277722.514493 4.342000
286269.815467 4.476000
294569.209929 4.606000
310503.210644 4.855000
329338.388740 5.149000
347153.143116 5.428000
364097.288170 5.693000
380287.214787 5.946000
395815.482527 6.189000
410757.138326 6.423000
425174.031619 6.648000
439117.851653 6.866000
465754.815966 7.282000
490948.683215 7.676000
514911.322954 8.051000
537807.336749 8.409000
559767.623587 8.752000
580898.315862 9.083000
621006.421288 9.710000
658676.777480 10.300000
694306.286232 10.860000
728194.576341 11.410000
760574.429574 11.930000
791630.965054 12.440000
821514.276651 12.930000
850348.063238 13.410000
878235.703307 13.880000
905264.642230 14.330000
931509.631932 14.780000
981897.366430 15.640000
1041459.429348 16.670000
1097794.629133 17.650000
1151376.720509 18.600000
1202573.763769 19.510000
1251678.457944 20.390000
1298928.122282 21.240000
1344518.341872 22.070000
1388612.572464 22.870000
1472846.049646 24.410000
1552516.053221 25.870000
1628292.573544 27.270000
1700696.126476 28.610000
1770140.650954 29.890000
1836961.767079 31.120000
1963794.732861 33.460000
2082918.858697 35.650000
2195589.258267 37.690000
2302753.441017 39.620000
2405147.527537 41.440000
2503356.915887 43.150000
2597856.244564 44.780000
2689036.683744 46.320000
2777225.144929 47.790000
2862698.154666 49.180000
2945692.099291 50.510000
3105032.106441 52.970000
3293383.887400 55.740000
3471531.431161 58.200000
3640972.881703 60.400000
3802872.147870 62.360000
3958154.825269 64.110000
4107571.383257 65.680000
4251740.316189 67.080000
4391178.516533 68.330000
4657548.159662 70.440000
4909486.832152 72.100000
5149113.229536 73.400000
5378073.367489 74.390000
5597676.235868 75.140000
5808983.158618 75.680000
6210064.212883 76.260000
6586767.774800 76.350000
6943062.862322 76.090000
7281945.763405 75.580000
7605744.295740 74.910000
7916309.650538 74.110000
8215142.766515 73.230000
8503480.632378 72.300000
8782357.033066 71.330000
9052646.422305 70.350000
9315096.319324 69.370000
9818973.664305 67.410000
10414594.293483 65.040000
10977946.291333 62.800000
11513767.205087 60.690000
12025737.637687 58.720000
12516784.579436 56.880000
12989281.222822 55.160000
13445183.418722 53.560000
13886125.724644 52.070000
14728460.496457 49.360000
15525160.532207 46.970000
16282925.735440 44.850000
17006961.264757 42.960000
17701406.509541 41.250000
18369617.670793 39.710000
19637947.328610 37.030000
20829188.586966 35.140000
21955892.582666 33.280000
