15525.145007 0.167700
16282.910933 0.175900
17006.947092 0.183700
17701.392893 0.191200
18369.604550 0.198400
19637.935055 0.212100
20829.177015 0.225000
21955.881605 0.237200
23027.429739 0.248700
24051.375061 0.259800
25033.472876 0.270400
25978.469665 0.280600
26890.277203 0.290500
27772.164661 0.300000
28626.897350 0.309200
29456.839168 0.318200
31050.243439 0.335400
32933.765688 0.355800
34715.244881 0.375000
36409.662617 0.393300
38028.658097 0.410800
39581.487358 0.427600
41075.655153 0.443700
42517.346472 0.459300
43911.730276 0.474300
46575.429846 0.503100
49094.819227 0.530300
51491.085485 0.556200
53780.688858 0.581000
55976.719300 0.604700
58089.790093 0.627500
62100.603316 0.670800
65867.641155 0.711500
69430.593908 0.750000
72819.457634 0.786600
76057.442957 0.821600
79163.096505 0.855100
82151.134267 0.887400
85034.522874 0.918600
87823.295882 0.948700
90526.197968 0.977900
93150.704440 1.006000
98189.491168 1.061000
104145.711499 1.125000
109779.243354 1.186000
115137.462709 1.244000
120257.175948 1.299000
125167.653228 1.352000
129892.626667 1.403000
134451.654918 1.452000
138861.083670 1.500000
147284.441315 1.591000
155251.450070 1.677000
162829.109328 1.759000
170069.470923 1.837000
177013.928931 1.912000
183696.045496 1.984000
196379.350549 2.121000
208291.770152 2.250000
219558.816047 2.372000
230275.344102 2.488000
240514.752754 2.598000
250335.691589 2.704000
259785.624456 2.806000
268903.668374 2.905000
277722.514493 3.000000
286269.815467 3.092000
294569.209929 3.182000
310503.210644 3.354000
329338.388740 3.558000
347153.143116 3.750000
364097.288170 3.933000
380287.214787 4.108000
395815.482527 4.276000
410757.138326 4.437000
425174.031619 4.593000
439117.851653 4.744000
465754.815966 5.031000
490948.683215 5.304000
514911.322954 5.562000
537807.336749 5.810000
559767.623587 6.047000
580898.315862 6.275000
621006.421288 6.709000
658676.777480 7.145000
694306.286232 7.559000
728194.576341 7.955000
760574.429574 8.334000
791630.965054 8.699000
821514.276651 9.051000
850348.063238 9.392000
878235.703307 9.723000
905264.642230 10.040000
931509.631932 10.360000
981897.366430 10.960000
1041459.429348 11.670000
1097794.629133 12.350000
1151376.720509 13.000000
1202573.763769 13.620000
1251678.457944 14.210000
1298928.122282 14.780000
1344518.341872 15.340000
1388612.572464 15.880000
1472846.049646 16.900000
1552516.053221 17.870000
1628292.573544 18.800000
1700696.126476 19.680000
1770140.650954 20.530000
1836961.767079 21.340000
1963794.732861 22.880000
2082918.858697 24.310000
2195589.258267 25.660000
2302753.441017 26.930000
2405147.527537 28.130000
2503356.915887 29.270000
2597856.244564 30.350000
2689036.683744 31.380000
2777225.144929 32.370000
2862698.154666 33.310000
2945692.099291 34.210000
3105032.106441 35.900000
3293383.887400 37.820000
3471531.431161 39.550000
3640972.881703 41.120000
3802872.147870 42.540000
3958154.825269 43.820000
4107571.383257 44.980000
4251740.316189 46.030000
4391178.516533 46.970000
4657548.159662 48.590000
4909486.832152 49.880000
5149113.229536 50.890000
5378073.367489 51.660000
5597676.235868 52.230000
5808983.158618 52.630000
6210064.212883 53.000000
6586767.774800 52.940000
6943062.862322 52.580000
7281945.763405 52.010000
7605744.295740 51.300000
7916309.650538 50.500000
8215142.766515 49.640000
8503480.632378 48.750000
8782357.033066 47.850000
9052646.422305 46.950000
9315096.319324 46.060000
9818973.664305 44.330000
10414594.293483 42.290000
10977946.291333 40.400000
11513767.205087 38.650000
12025737.637687 37.050000
12516784.579436 35.570000
12989281.222822 34.220000
13445183.418722 32.970000
13886125.724644 31.810000
14728460.496457 29.750000
15525160.532207 27.970000
16282925.735440 26.410000
17006961.264757 25.030000
17701406.509541 23.810000
18369617.670793 22.710000
19637947.328610 20.830000
20829188.586966 19.490000
21955892.582666 18.170000
