         0  0.000000e+00
         1  0.000000e+00
         2  0.000000e+00
         3  0.000000e+00
         4  0.000000e+00
         5  0.000000e+00
         6  0.000000e+00
         7  0.000000e+00
         8  0.000000e+00
         9  0.000000e+00
        10  0.000000e+00
        11  0.000000e+00
        12  0.000000e+00
        13  0.000000e+00
        14  0.000000e+00
        15  0.000000e+00
        16  0.000000e+00
        17  0.000000e+00
        18  0.000000e+00
        19  0.000000e+00
        20  0.000000e+00
        21  0.000000e+00
        22  0.000000e+00
        23  0.000000e+00
        24  0.000000e+00
        25  0.000000e+00
        26  0.000000e+00
        27  0.000000e+00
        28  0.000000e+00
        29  0.000000e+00
        30  0.000000e+00
        31  0.000000e+00
        32  0.000000e+00
        33  0.000000e+00
        34  0.000000e+00
        35  0.000000e+00
        36  0.000000e+00
        37  0.000000e+00
        38  0.000000e+00
        39  0.000000e+00
        40  0.000000e+00
        41  0.000000e+00
        42  0.000000e+00
        43  0.000000e+00
        44  0.000000e+00
        45  0.000000e+00
        46  0.000000e+00
        47  0.000000e+00
        48  0.000000e+00
        49  0.000000e+00
        50  0.000000e+00
        51  0.000000e+00
        52  0.000000e+00
        53  0.000000e+00
        54  0.000000e+00
        55  0.000000e+00
        56  0.000000e+00
        57  0.000000e+00
        58  0.000000e+00
        59  0.000000e+00
        60  0.000000e+00
        61  0.000000e+00
        62  0.000000e+00
        63  0.000000e+00
        64  0.000000e+00
        65  0.000000e+00
        66  0.000000e+00
        67  0.000000e+00
        68  0.000000e+00
        69  0.000000e+00
        70  0.000000e+00
        71  0.000000e+00
        72  0.000000e+00
        73  0.000000e+00
        74  0.000000e+00
        75  0.000000e+00
        76  0.000000e+00
        77  0.000000e+00
        78  0.000000e+00
        79  0.000000e+00
        80  0.000000e+00
        81  0.000000e+00
        82  0.000000e+00
        83  0.000000e+00
        84  0.000000e+00
        85  0.000000e+00
        86  0.000000e+00
        87  0.000000e+00
        88  0.000000e+00
        89  0.000000e+00
        90  0.000000e+00
        91  0.000000e+00
        92  0.000000e+00
        93  0.000000e+00
        94  0.000000e+00
        95  0.000000e+00
        96  0.000000e+00
        97  0.000000e+00
        98  0.000000e+00
        99  0.000000e+00
       100  0.000000e+00
       101  0.000000e+00
       102  0.000000e+00
       103  0.000000e+00
       104  0.000000e+00
       105  0.000000e+00
       106  0.000000e+00
       107  0.000000e+00
       108  0.000000e+00
       109  0.000000e+00
       110  0.000000e+00
       111  0.000000e+00
       112  0.000000e+00
       113  0.000000e+00
       114  0.000000e+00
       115  0.000000e+00
       116  0.000000e+00
       117  0.000000e+00
       118  0.000000e+00
       119  0.000000e+00
       120  0.000000e+00
       121  0.000000e+00
       122  0.000000e+00
       123  0.000000e+00
       124  0.000000e+00
       125  0.000000e+00
       126  0.000000e+00
       127  0.000000e+00
       128  0.000000e+00
       129  0.000000e+00
       130  0.000000e+00
       131  0.000000e+00
       132  0.000000e+00
       133  0.000000e+00
       134  0.000000e+00
       135  0.000000e+00
       136  0.000000e+00
       137  0.000000e+00
       138  0.000000e+00
       139  0.000000e+00
       140  0.000000e+00
       141  0.000000e+00
       142  0.000000e+00
       143  0.000000e+00
       144  0.000000e+00
       145  0.000000e+00
       146  0.000000e+00
       147  0.000000e+00
       148  0.000000e+00
       149  0.000000e+00
       150  0.000000e+00
       151  0.000000e+00
       152  0.000000e+00
       153  0.000000e+00
       154  2.906835e-319
       155  1.371440e-314
       156  5.955236e-310
       157  2.383974e-305
       158  8.798027e-301
       159  2.993305e-296
       160  9.388576e-292
       161  2.714765e-287
       162  7.236852e-283
       163  1.778496e-278
       164  4.029421e-274
       165  8.416280e-270
       166  1.620640e-265
       167  2.877017e-261
       168  4.708572e-257
       169  7.104407e-253
       170  9.882331e-249
       171  1.267316e-244
       172  1.498324e-240
       173  1.633137e-236
       174  1.641108e-232
       175  1.520373e-228
       176  1.298563e-224
       177  1.022533e-220
       178  7.423242e-217
       179  4.968367e-213
       180  3.065764e-209
       181  1.744094e-205
       182  9.147638e-202
       183  4.423408e-198
       184  1.972039e-194
       185  8.105616e-191
       186  3.071638e-187
       187  1.073171e-183
       188  3.456880e-180
       189  1.026639e-176
       190  2.811067e-173
       191  7.096527e-170
       192  1.651748e-166
       193  3.544593e-163
       194  7.013190e-160
       195  1.279362e-156
       196  2.151798e-153
       197  3.336890e-150
       198  4.771077e-147
       199  6.289660e-144
       200  7.644979e-141
       201  8.567730e-138
       202  8.853151e-135
       203  8.434799e-132
       204  7.409668e-129
       205  6.001671e-126
       206  4.482265e-123
       207  3.086578e-120
       208  1.959810e-117
       209  1.147387e-114
       210  6.193962e-112
       211  3.083131e-109
       212  1.415088e-106
       213  5.988881e-104
       214  2.337125e-101
       215  8.409985e-99
       216  2.790544e-96
       217  8.538199e-94
       218  2.408967e-91
       219  6.267381e-89
       220  1.503612e-86
       221  3.326473e-84
       222  6.786322e-82
       223  1.276707e-79
       224  2.214925e-77
       225  3.543577e-75
       226  5.228108e-73
       227  7.113311e-71
       228  8.925422e-69
       229  1.032810e-66
       230  1.102180e-64
       231  1.084753e-62
       232  9.846022e-61
       233  8.242308e-59
       234  6.363580e-57
       235  4.531328e-55
       236  2.975966e-53
       237  1.802670e-51
       238  1.007160e-49
       239  5.190184e-48
       240  2.467048e-46
       241  1.081664e-44
       242  4.374586e-43
       243  1.632004e-41
       244  5.616374e-40
       245  1.783007e-38
       246  5.221850e-37
       247  1.410857e-35
       248  3.516762e-34
       249  8.087581e-33
       250  1.716035e-31
       251  3.359557e-30
       252  6.068826e-29
       253  1.011611e-27
       254  1.556071e-26
       255  2.208896e-25
       256  2.893846e-24
       257  3.499100e-23
       258  3.905235e-22
       259  4.023270e-21
       260  3.826370e-20
       261  3.359758e-19
       262  2.723855e-18
       263  2.039203e-17
       264  1.409899e-16
       265  9.003727e-16
       266  5.311608e-15
       267  2.895135e-14
       268  1.458238e-13
       269  6.788800e-13
       270  2.921876e-12
       271  1.162913e-11
       272  4.281320e-11
       273  1.458479e-10
       274  4.599213e-10
       275  1.343145e-09
       276  3.634502e-09
       277  9.118297e-09
       278  2.122458e-08
       279  4.587599e-08
       280  9.216889e-08
       281  1.723249e-07
       282  3.002525e-07
       283  4.883480e-07
       284  7.429297e-07
       285  1.059698e-06
       286  1.421249e-06
       287  1.798340e-06
       288  2.155194e-06
       289  2.457259e-06
       290  2.678597e-06
       291  2.806228e-06
       292  2.840235e-06
       293  2.790348e-06
       294  2.671000e-06
       295  2.497027e-06
       296  2.281308e-06
       297  2.034566e-06
       298  1.766585e-06
       299  1.487717e-06
       300  1.209697e-06
       301  9.452117e-07
       302  7.063571e-07
       303  5.026009e-07
       304  3.391217e-07
       305  2.161937e-07
       306  1.298079e-07
       307  7.320322e-08
       308  3.868094e-08
       309  1.911248e-08
       310  8.815240e-09
       311  3.789679e-09
       312  1.516595e-09
       313  5.643691e-10
       314  1.951088e-10
       315  6.261253e-11
       316  1.863863e-11
       317  5.143669e-12
       318  1.315256e-12
       319  3.114773e-13
       320  6.828829e-14
       321  1.385529e-14
       322  2.600748e-15
       323  4.515160e-16
       324  7.248238e-17
       325  1.075672e-17
       326  1.475464e-18
       327  1.870257e-19
       328  2.190420e-20
       329  2.369973e-21
       330  2.368599e-22
       331  2.186346e-23
       332  1.863707e-24
       333  1.466979e-25
       334  1.066146e-26
       335  7.153511e-28
       336  4.430952e-29
       337  2.533486e-30
       338  1.337069e-31
       339  6.512929e-33
       340  2.927926e-34
       341  1.214735e-35
       342  4.650705e-37
       343  1.643050e-38
       344  5.356221e-40
       345  1.611104e-41
       346  4.471248e-43
       347  1.144875e-44
       348  2.704559e-46
       349  5.894264e-48
       350  1.185069e-49
       351  2.197993e-51
       352  3.760667e-53
       353  5.935376e-55
       354  8.641024e-57
       355  1.160394e-58
       356  1.437339e-60
       357  1.642165e-62
       358  1.730492e-64
       359  1.681933e-66
       360  1.507738e-68
       361  1.246561e-70
       362  9.505267e-73
       363  6.684528e-75
       364  4.335369e-77
       365  2.593127e-79
       366  1.430400e-81
       367  7.276477e-84
       368  3.413572e-86
       369  1.476779e-88
       370  5.891626e-91
       371  2.167519e-93
       372  7.353496e-96
       373  2.300505e-98
       374  6.636607e-101
       375  1.765462e-103
       376  4.330677e-106
       377  9.795670e-109
       378  2.043099e-111
       379  3.929325e-114
       380  6.968124e-117
       381  1.139409e-119
       382  1.717932e-122
       383  2.388314e-125
       384  3.061489e-128
       385  3.618486e-131
       386  3.943400e-134
       387  3.962430e-137
       388  3.671103e-140
       389  3.135977e-143
       390  2.469948e-146
       391  1.793656e-149
       392  1.200948e-152
       393  7.413790e-156
       394  4.219739e-159
       395  2.214408e-162
       396  1.071406e-165
       397  4.779399e-169
       398  1.965680e-172
       399  7.453680e-176
       400  2.605825e-179
       401  8.399130e-183
       402  2.495952e-186
       403  6.838315e-190
       404  1.727314e-193
       405  4.022548e-197
       406  8.636489e-201
       407  1.709533e-204
       408  3.119758e-208
       409  5.248869e-212
       410  8.141613e-216
       411  1.164270e-219
       412  1.534950e-223
       413  1.865652e-227
       414  2.090554e-231
       415  2.159661e-235
       416  2.056845e-239
       417  1.805962e-243
       418  1.461858e-247
       419  1.090913e-251
       420  7.505207e-256
       421  4.760158e-260
       422  2.783333e-264
       423  1.500352e-268
       424  7.455973e-273
       425  3.415840e-277
       426  1.442686e-281
       427  5.617284e-286
       428  2.016323e-290
       429  6.672249e-295
       430  2.035456e-299
       431  5.724372e-304
       432  1.484122e-308
       433  3.547204e-313
       434  7.815792e-318
       435  1.235164e-322
       436  0.000000e+00
       437  0.000000e+00
       438  0.000000e+00
       439  0.000000e+00
       440  0.000000e+00
       441  0.000000e+00
       442  0.000000e+00
       443  0.000000e+00
       444  0.000000e+00
       445  0.000000e+00
       446  0.000000e+00
       447  0.000000e+00
       448  0.000000e+00
       449  0.000000e+00
       450  0.000000e+00
       451  0.000000e+00
       452  0.000000e+00
       453  0.000000e+00
       454  0.000000e+00
       455  0.000000e+00
       456  0.000000e+00
       457  0.000000e+00
       458  0.000000e+00
       459  0.000000e+00
       460  0.000000e+00
       461  0.000000e+00
       462  0.000000e+00
       463  0.000000e+00
       464  0.000000e+00
       465  0.000000e+00
       466  0.000000e+00
       467  0.000000e+00
       468  0.000000e+00
       469  0.000000e+00
       470  0.000000e+00
       471  0.000000e+00
       472  0.000000e+00
       473  0.000000e+00
       474  0.000000e+00
       475  0.000000e+00
       476  0.000000e+00
       477  0.000000e+00
       478  0.000000e+00
       479  0.000000e+00
       480  0.000000e+00
       481  0.000000e+00
       482  0.000000e+00
       483  0.000000e+00
       484  0.000000e+00
       485  0.000000e+00
       486  0.000000e+00
       487  0.000000e+00
       488  0.000000e+00
       489  0.000000e+00
       490  0.000000e+00
       491  0.000000e+00
       492  0.000000e+00
       493  0.000000e+00
       494  0.000000e+00
       495  0.000000e+00
       496  0.000000e+00
       497  0.000000e+00
       498  0.000000e+00
       499  3.952525e-323
       500  4.155062e-318
       501  1.948766e-313
       502  8.425208e-309
       503  3.357969e-304
       504  1.233813e-299
       505  4.179261e-295
       506  1.305054e-290
       507  3.756973e-286
       508  9.970780e-282
       509  2.439514e-277
       510  5.502524e-273
       511  1.144212e-268
       512  2.193505e-264
       513  3.876677e-260
       514  6.316425e-256
       515  9.488013e-252
       516  1.313933e-247
       517  1.677516e-243
       518  1.974503e-239
       519  2.142634e-235
       520  2.143578e-231
       521  1.977123e-227
       522  1.681253e-223
       523  1.318073e-219
       524  9.526971e-216
       525  6.348651e-212
       526  3.900511e-208
       527  2.209414e-204
       528  1.153853e-200
       529  5.555773e-197
       530  2.466385e-193
       531  1.009491e-189
       532  3.809534e-186
       533  1.325475e-182
       534  4.252106e-179
       535  1.257686e-175
       536  3.429882e-172
       537  8.624369e-169
       538  1.999493e-165
       539  4.274248e-162
       540  8.424615e-159
       541  1.531066e-155
       542  2.565635e-152
       543  3.964203e-149
       544  5.647815e-146
       545  7.419458e-143
       546  8.987409e-140
       547  1.003855e-136
       548  1.033917e-133
       549  9.819340e-131
       550  8.599328e-128
       551  6.944428e-125
       552  5.171329e-122
       553  3.551124e-119
       554  2.248701e-116
       555  1.313119e-113
       556  7.071111e-111
       557  3.511451e-108
       558  1.608073e-105
       559  6.791248e-103
       560  2.644985e-100
       561  9.500169e-98
       562  3.146872e-95
       563  9.613276e-93
       564  2.708405e-90
       565  7.037382e-88
       566  1.686433e-85
       567  3.727292e-83
       568  7.597826e-81
       569  1.428443e-78
       570  2.476964e-76
       571  3.961557e-74
       572  5.843964e-72
       573  7.951534e-70
       574  9.979352e-68
       575  1.155230e-65
       576  1.233547e-63
       577  1.214985e-61
       578  1.103879e-59
       579  9.251538e-58
       580  7.152471e-56
       581  5.101000e-54
       582  3.355981e-52
       583  2.036838e-50
       584  1.140446e-48
       585  5.890912e-47
       586  2.807300e-45
       587  1.234250e-43
       588  5.006501e-42
       589  1.873668e-40
       590  6.469769e-39
       591  2.061262e-37
       592  6.059508e-36
       593  1.643665e-34
       594  4.114088e-33
       595  9.502364e-32
       596  2.025357e-30
       597  3.983810e-29
       598  7.231670e-28
       599  1.211543e-26
       600  1.873345e-25
       601  2.673592e-24
       602  3.522024e-23
       603  4.282848e-22
       604  4.807742e-21
       605  4.982475e-20
       606  4.767323e-19
       607  4.211746e-18
       608  3.435926e-17
       609  2.588564e-16
       610  1.801157e-15
       611  1.157630e-14
       612  6.873339e-14
       613  3.770556e-13
       614  1.911392e-12
       615  8.955215e-12
       616  3.878547e-11
       617  1.553189e-10
       618  5.752410e-10
       619  1.970918e-09
       620  6.249140e-09
       621  1.834276e-08
       622  4.986368e-08
       623  1.255998e-07
       624  2.933052e-07
       625  6.354090e-07
       626  1.277934e-06
       627  2.388086e-06
       628  4.150454e-06
       629  6.716136e-06
       630  1.013105e-05
       631  1.426563e-05
       632  1.877894e-05
       633  2.314593e-05
       634  2.675444e-05
       635  2.904774e-05
       636  2.966491e-05
       637  2.853013e-05
       638  2.586211e-05
       639  2.210608e-05
       640  1.781705e-05
       641  1.353408e-05
       642  9.680709e-06
       643  6.512531e-06
       644  4.114727e-06
       645  2.437899e-06
       646  1.352379e-06
       647  7.013461e-07
       648  3.395485e-07
       649  1.532647e-07
       650  6.442372e-08
       651  2.519196e-08
       652  9.155741e-09
       653  3.090246e-09
       654  9.679578e-10
       655  2.812019e-10
       656  7.572618e-11
       657  1.889452e-11
       658  4.366249e-12
       659  9.341250e-13
       660  1.849629e-13
       661  3.388614e-14
       662  5.742551e-15
       663  8.999777e-16
       664  1.304102e-16
       665  1.746872e-17
       666  2.162746e-18
       667  2.474432e-19
       668  2.615822e-20
       669  2.554732e-21
       670  2.304800e-22
       671  1.920537e-23
       672  1.477977e-24
       673  1.050329e-25
       674  6.892173e-27
       675  4.175642e-28
       676  2.335564e-29
       677  1.205951e-30
       678  5.747861e-32
       679  2.528676e-33
       680  1.026748e-34
       681  3.847627e-36
       682  1.330629e-37
       683  4.246520e-39
       684  1.250549e-40
       685  3.398128e-42
       686  8.519837e-44
       687  1.970868e-45
       688  4.206315e-47
       689  8.282239e-49
       690  1.504459e-50
       691  2.521073e-52
       692  3.897168e-54
       693  5.557232e-56
       694  7.309727e-58
       695  8.868812e-60
       696  9.925221e-62
       697  1.024507e-63
       698  9.753915e-66
       699  8.564919e-68
       700  6.936468e-70
       701  5.181024e-72
       702  3.569000e-74
       703  2.267374e-76
       704  1.328427e-78
       705  7.177668e-81
       706  3.576455e-83
       707  1.643385e-85
       708  6.963645e-88
       709  2.721063e-90
       710  9.804819e-93
       711  3.257870e-95
       712  9.981963e-98
       713  2.820207e-100
       714  7.347232e-103
       715  1.764980e-105
       716  3.909530e-108
       717  7.984975e-111
       718  1.503775e-113
       719  2.611248e-116
       720  4.180862e-119
       721  6.172088e-122
       722  8.401242e-125
       723  1.054379e-127
       724  1.220079e-130
       725  1.301711e-133
       726  1.280482e-136
       727  1.161346e-139
       728  9.711275e-143
       729  7.487116e-146
       730  5.321989e-149
       731  3.487803e-152
       732  2.107395e-155
       733  1.173962e-158
       734  6.029389e-162
       735  2.854973e-165
       736  1.246344e-168
       737  5.016249e-172
       738  1.861330e-175
       739  6.367498e-179
       740  2.008232e-182
       741  5.839240e-186
       742  1.565290e-189
       743  3.868364e-193
       744  8.813585e-197
       745  1.851266e-200
       746  3.584879e-204
       747  6.399825e-208
       748  1.053291e-211
       749  1.598136e-215
       750  2.235438e-219
       751  2.882666e-223
       752  3.426944e-227
       753  3.755777e-231
       754  3.794646e-235
       755  3.534437e-239
       756  3.034909e-243
       757  2.402406e-247
       758  1.753159e-251
       759  1.179423e-255
       760  7.314584e-260
       761  4.181971e-264
       762  2.204157e-268
       763  1.070960e-272
       764  4.797028e-277
       765  1.980791e-281
       766  7.540001e-286
       767  2.645878e-290
       768  8.559199e-295
       769  2.552468e-299
       770  7.016986e-304
       771  1.778293e-308
       772  4.154489e-313
       773  8.947079e-318
       774  1.432790e-322
       775  0.000000e+00
       776  0.000000e+00
       777  0.000000e+00
       778  0.000000e+00
       779  0.000000e+00
       780  0.000000e+00
       781  0.000000e+00
       782  0.000000e+00
       783  0.000000e+00
       784  0.000000e+00
       785  0.000000e+00
       786  0.000000e+00
       787  0.000000e+00
       788  0.000000e+00
       789  0.000000e+00
       790  0.000000e+00
       791  0.000000e+00
       792  0.000000e+00
       793  0.000000e+00
       794  0.000000e+00
       795  0.000000e+00
       796  0.000000e+00
       797  0.000000e+00
       798  0.000000e+00
       799  0.000000e+00
